3 A 1 1 0 0 0 0 0 0 0
3 A 2 0 0 0 0 0 0 0 0
3 A 3 0 0 0 0 0 0 0 0
3 A 4 0 0 0 0 1 0 0 1
3 A 5 0 0 0 1 0 0 0 0
3 A 6 0 0 0 0 0 0 0 0
3 A 7 0 0 0 1 0 0 0 0
3 A 8 0 0 0 0 0 0 0 0
3 A 9 0 0 0 0 1 0 0 3
3 A 10 0 0 0 0 0 0 0 0
3 B 1 0 1 0 0 0 4 3 0
3 B 2 0 0 0 0 1 0 0 1
3 B 3 0 0 0 0 1 0 0 2
3 B 4 0 1 0 1 1 4 3 3
3 B 5 0 0 0 0 0 0 0 0
3 B 6 0 0 0 0 1 0 0 2
3 B 7 0 1 0 0 0 4 3 0
3 B 8 0 0 1 0 0 0 0 0
3 B 9 0 0 0 0 0 0 0 0
3 B 10 0 0 0 0 0 0 0 0
3 C 1 0 0 0 0 0 0 0 0
3 C 2 0 0 0 0 0 0 0 0
3 C 3 0 0 0 0 0 0 0 0
3 C 4 0 0 1 0 0 0 0 0
3 C 5 0 0 0 0 0 0 0 0
3 C 6 0 0 1 0 1 0 0 3
3 C 7 0 0 0 0 0 0 0 0
3 C 8 0 0 0 0 0 0 0 0
3 C 9 0 1 0 0 0 4 3 0
3 C 10 0 0 0 1 0 0 0 0
3 D 1 0 0 0 0 0 0 0 0
3 D 2 0 0 0 0 1 0 0 1
3 D 3 0 0 0 0 1 0 0 2
3 D 4 0 0 0 0 0 0 0 0
3 D 5 0 0 0 0 0 0 0 0
3 D 6 0 0 0 0 0 0 0 0
3 D 7 0 0 1 0 0 0 0 0
3 D 8 0 0 0 0 1 0 0 2
3 D 9 0 0 0 0 1 0 0 1
3 D 10 0 0 0 0 1 0 0 3
3 E 1 0 0 0 0 1 0 0 1
3 E 2 0 0 0 0 0 0 0 0
3 E 3 0 0 0 0 0 0 0 0
3 E 4 0 0 0 1 1 0 0 1
3 E 5 0 1 0 0 0 4 3 0
3 E 6 0 0 0 0 0 0 0 0
3 E 7 0 1 0 0 0 4 3 0
3 E 8 0 0 0 0 1 0 0 2
3 E 9 0 0 0 0 0 0 0 0
3 E 10 0 0 1 0 0 0 0 0
3 F 1 0 0 0 0 0 0 0 0
3 F 2 0 0 0 0 0 0 0 0
3 F 3 0 0 0 0 0 0 0 0
3 F 4 0 0 0 0 0 0 0 0
3 F 5 0 0 0 0 1 0 0 1
3 F 6 0 1 0 0 0 4 3 0
3 F 7 0 0 0 0 1 0 0 3
3 F 8 0 0 0 0 0 0 0 0
3 F 9 0 0 0 0 0 0 0 0
3 F 10 0 0 0 0 0 0 0 0
3 G 1 0 0 0 0 0 0 0 0
3 G 2 0 0 0 0 0 0 0 0
3 G 3 0 0 1 0 0 0 0 0
3 G 4 0 0 0 0 0 0 0 0
3 G 5 0 0 0 1 1 0 0 1
3 G 6 0 0 0 0 1 0 0 2
3 G 7 0 0 0 1 1 0 0 2
3 G 8 0 0 0 0 0 0 0 0
3 G 9 0 0 0 0 1 0 0 2
3 G 10 0 0 0 0 0 0 0 0
3 H 1 0 0 0 0 0 0 0 0
3 H 2 0 0 0 0 0 0 0 0
3 H 3 0 0 0 0 0 0 0 0
3 H 4 0 0 0 0 0 0 0 0
3 H 5 0 1 0 1 0 4 3 0
3 H 6 0 0 0 1 0 0 0 0
3 H 7 0 0 0 0 1 0 0 3
3 H 8 0 0 0 1 1 0 0 1
3 H 9 0 1 0 0 0 4 3 0
3 H 10 0 0 0 0 1 0 0 3
3 I 1 0 0 0 1 0 0 0 0
3 I 2 0 0 0 0 1 0 0 2
3 I 3 0 0 0 0 0 0 0 0
3 I 4 0 1 0 0 0 4 3 0
3 I 5 0 0 0 0 0 0 0 0
3 I 6 0 0 0 0 0 0 0 0
3 I 7 0 0 1 0 1 0 0 2
3 I 8 0 0 0 0 1 0 0 3
3 I 9 0 0 0 0 0 0 0 0
3 I 10 0 0 0 0 0 0 0 0
3 J 1 0 0 0 0 0 0 0 0
3 J 2 0 0 0 0 0 0 0 0
3 J 3 0 0 0 0 0 0 0 0
3 J 4 0 0 0 0 0 0 0 0
3 J 5 0 0 0 0 1 0 0 3
3 J 6 0 0 0 0 1 0 0 2
3 J 7 0 0 1 0 0 0 0 0
3 J 8 0 0 0 0 0 0 0 0
3 J 9 0 0 0 1 0 0 0 0
3 J 10 0 0 0 1 0 0 0 0
